.\boson.dev:	char_num:52129	sent_num:1095	entity_num:2224
detail:102,743,514,279,208,102,64,57,39,38,24,11,9,7,8,5,4,1,3,0,1,0,1,0,1,1,0,0,0,0,0,0,0,0,0,0,0,0,0,0,0,0,0,0,0,0,0,0,1,0,0,0,0,0,0,0,0,0,0,0,0,0,1
0.0459,0.3341,0.2311,0.1254,0.0935,0.0459,0.0288,0.0256,0.0175,0.0171,0.0108,0.0049,0.004,0.0031,0.0036,0.0022,0.0018,0.0004,0.0013,0.0,0.0004,0.0,0.0004,0.0,0.0004,0.0004,0.0,0.0,0.0,0.0,0.0,0.0,0.0,0.0,0.0,0.0,0.0,0.0,0.0,0.0,0.0,0.0,0.0,0.0,0.0,0.0,0.0,0.0,0.0004,0.0,0.0,0.0,0.0,0.0,0.0,0.0,0.0,0.0,0.0,0.0,0.0,0.0,0.0004

.\boson.test:	char_num:51698	sent_num:1096	entity_num:2182
detail:64,702,523,261,212,110,71,62,40,30,22,19,20,9,9,7,6,1,2,2,3,0,1,1,2,0,1,0,1,0,0,0,0,0,0,0,0,0,0,0,1
0.0293,0.3217,0.2397,0.1196,0.0972,0.0504,0.0325,0.0284,0.0183,0.0137,0.0101,0.0087,0.0092,0.0041,0.0041,0.0032,0.0027,0.0005,0.0009,0.0009,0.0014,0.0,0.0005,0.0005,0.0009,0.0,0.0005,0.0,0.0005,0.0,0.0,0.0,0.0,0.0,0.0,0.0,0.0,0.0,0.0,0.0,0.0005

.\boson.train:	char_num:424840	sent_num:8762	entity_num:18023
detail:560,5900,4314,2380,1650,811,710,403,313,296,158,113,117,75,50,41,41,15,19,14,8,3,6,3,7,1,0,3,0,2,0,1,1,2,1,0,2,1,1,0,0,1
0.0311,0.3274,0.2394,0.1321,0.0915,0.045,0.0394,0.0224,0.0174,0.0164,0.0088,0.0063,0.0065,0.0042,0.0028,0.0023,0.0023,0.0008,0.0011,0.0008,0.0004,0.0002,0.0003,0.0002,0.0004,0.0001,0.0,0.0002,0.0,0.0001,0.0,0.0001,0.0001,0.0001,0.0001,0.0,0.0001,0.0001,0.0001,0.0,0.0,0.0001

